00000000: 00100011 01101001 01101110 01100011 01101100 01110101  #inclu
00000006: 01100100 01100101 00100000 00111100 01110011 01110100  de <st
0000000c: 01100100 01101001 01101111 00101110 01101000 00111110  dio.h>
00000012: 00001010 00100011 01100100 01100101 01100110 01101001  .#defi
00000018: 01101110 01100101 00100000 01010010 01000101 01010100  ne RET
0000001e: 01010101 01010010 01001110 01010110 01000001 01001100  URNVAL
00000024: 01010101 01000101 00100000 00110110 00110111 00001010  UE 67.
0000002a: 00001010 01101001 01101110 01110100 00100000 01101101  .int m
00000030: 01100001 01101001 01101110 00101000 00101001 01111011  ain(){
00000036: 00001010 00100000 00100000 00100000 00100000 01101001  .    i
0000003c: 01101110 01110100 00100000 01110010 01100101 01110100  nt ret
00000042: 01110110 01100001 01101100 00100000 00111101 00100000  val = 
00000048: 01010010 01000101 01010100 01010101 01010010 01001110  RETURN
0000004e: 01010110 01000001 01001100 01010101 01000101 00111011  VALUE;
00000054: 00001010 00001010 00100000 00100000 00100000 00100000  ..    
0000005a: 01110000 01110010 01101001 01101110 01110100 01100110  printf
00000060: 00101000 00100010 01001000 01100101 01101100 01101100  ("Hell
00000066: 01101111 00100000 01110111 01101111 01110010 01101100  o worl
0000006c: 01100100 00101110 01011100 01101110 00100010 00101001  d.\n")
00000072: 00111011 00001010 00001010 00100000 00100000 00100000  ;..   
00000078: 00100000 01110010 01100101 01110100 01110101 01110010   retur
0000007e: 01101110 00100000 01110010 01100101 01110100 01110110  n retv
00000084: 01100001 01101100 00111011 00001010 01111101 00001010  al;.}.
